12345678910111213141516171819202122232425262728293031323334353637383940
234567891011121314151617181920212223242526272829303132333435363738394041
3456789101112131415161718192021222324252627282930313233343536373839404142
45678910111213141516171819202122232425262728293031323334353637383940414243
567891011121314151617181920212223242526272829303132333435363738394041424344
6789101112131415161718192021222324252627282930313233343536373839404142434445
78910111213141516171819202122232425262728293031323334353637383940414243444546
891011121314151617181920212223242526272829303132333435363738394041424344454647
9101112131415161718192021222324252627282930313233343536373839404142434445464748
10111213141516171819202122232425262728293031323334353637383940414243444546474849
11121314151617181920212223242526272829303132333435363738394041424344454647484950
12131415161718192021222324252627282930313233343536373839404142434445464748495051
13141516171819202122232425262728293031323334353637383940414243444546474849505152
14151617181920212223242526272829303132333435363738394041424344454647484950515253
15161718192021222324252627282930313233343536373839404142434445464748495051525354
16171819202122232425262728293031323334353637383940414243444546474849505152535455
17181920212223242526272829303132333435363738394041424344454647484950515253545556
18192021222324252627282930313233343536373839404142434445464748495051525354555657
19202122232425262728293031323334353637383940414243444546474849505152535455565758
20212223242526272829303132333435363738394041424344454647484950515253545556575859
21222324252627282930313233343536373839404142434445464748495051525354555657585960
22232425262728293031323334353637383940414243444546474849505152535455565758596061
23242526272829303132333435363738394041424344454647484950515253545556575859606162
24252627282930313233343536373839404142434445464748495051525354555657585960616263
25262728293031323334353637383940414243444546474849505152535455565758596061626364
26272829303132333435363738394041424344454647484950515253545556575859606162636465
27282930313233343536373839404142434445464748495051525354555657585960616263646566
28293031323334353637383940414243444546474849505152535455565758596061626364656667
29303132333435363738394041424344454647484950515253545556575859606162636465666768
30313233343536373839404142434445464748495051525354555657585960616263646566676869
31323334353637383940414243444546474849505152535455565758596061626364656667686970
32333435363738394041424344454647484950515253545556575859606162636465666768697071
33343536373839404142434445464748495051525354555657585960616263646566676869707172
34353637383940414243444546474849505152535455565758596061626364656667686970717273
35363738394041424344454647484950515253545556575859606162636465666768697071727374
36373839404142434445464748495051525354555657585960616263646566676869707172737475
37383940414243444546474849505152535455565758596061626364656667686970717273747576
38394041424344454647484950515253545556575859606162636465666768697071727374757677
39404142434445464748495051525354555657585960616263646566676869707172737475767778
40414243444546474849505152535455565758596061626364656667686970717273747576777879
